2022-02-16 16:14:21.762    User: lode_bosmans
2022-02-16 16:14:21.767    Destination status Streamics: Post processing finished
2022-02-16 16:14:21.771    Destination status OMS: Shipped
2022-02-16 16:14:21.776     
2022-02-16 16:14:21.781    The cases to be processed for promotion:
2022-02-16 16:14:21.786178    RS21-AAA-ABK, RS21-AAA-ABJ, RS21-AAA-ABI
2022-02-16 16:14:21.790     
2022-02-16 16:14:21.794    The cases to be processed for rebuilt:
2022-02-16 16:14:21.800101    
2022-02-16 16:14:21.804     
2022-02-16 16:14:21.809    Setting up the browser and checking compatability
2022-02-16 16:14:22.974    Chrome browser version: 98
2022-02-16 16:14:22.981    Chromedriver version: 97
2022-02-16 16:14:22.986    Chrome browser version (98) and Chromedriver version (97) do not match. Please update the Chromedriver!
2022-02-16 16:14:22.991    Please download this from the following url and select version 98.x.xxxx.xx.
2022-02-16 16:14:22.997    https://sites.google.com/chromium.org/driver/downloads
2022-02-16 16:20:44.197     
2022-02-16 16:20:44.204     
2022-02-16 16:20:44.209    ---------------------------------------------------------------------- 
2022-02-16 16:20:44.214    ---------------------------------------------------------------------- 
2022-02-16 16:20:44.219    ---------------------------------------------------------------------- 
2022-02-16 16:20:44.224     
2022-02-16 16:20:44.229    Full summary
2022-02-16 16:20:44.234     
2022-02-16 16:20:44.240    Scrapped parts
2022-02-16 16:20:44.245    --------------
2022-02-16 16:20:44.250    None
2022-02-16 16:20:44.255     
2022-02-16 16:20:44.260    Promotions         Streamics   +   OMS
2022-02-16 16:20:44.264    ------------------------------------------
2022-02-16 16:20:44.269    RS22-SAN-DER:      Valid           Valid
2022-02-16 16:20:44.274    RS22-LOD-EKE:      Valid           Invalid
2022-02-16 16:20:44.278    RS22-NAT-ASA:      Invalid         Valid
2022-02-16 16:20:44.283    RS22-PIT-JAN:      Invalid         Invalid
2022-02-16 16:20:44.288     
2022-02-16 16:20:44.293    ---------------------------------------------------------------------- 
2022-02-16 16:20:44.298    ---------------------------------------------------------------------- 
2022-02-16 16:20:44.303    ---------------------------------------------------------------------- 
2022-02-16 16:20:44.308     
2022-02-16 16:20:44.313    Take action for the following cases
2022-02-16 16:20:44.320     
2022-02-16 16:20:44.324    Scrapped parts
2022-02-16 16:20:44.329    --------------
2022-02-16 16:20:44.334    None
2022-02-16 16:20:44.341     
2022-02-16 16:20:44.346    Promotions         Streamics   +   OMS
2022-02-16 16:20:44.351    ------------------------------------------
2022-02-16 16:20:44.356    RS22-LOD-EKE:      Valid           Invalid
2022-02-16 16:20:44.361    RS22-NAT-ASA:      Invalid         Valid
2022-02-16 16:20:44.365    RS22-PIT-JAN:      Invalid         Invalid
2022-02-16 16:20:44.372     
