2022-06-29 09:57:54.496    User: lode_bosmans
2022-06-29 09:57:54.504    Destination status Streamics: Post processing finished
2022-06-29 09:57:54.510    Destination status OMS: Shipped
2022-06-29 09:57:54.514     
2022-06-29 09:57:54.518    The cases to be processed for promotion:
2022-06-29 09:57:54.524591    RS22-MEB-KIH, RS22-TER-JAM
2022-06-29 09:57:54.528     
2022-06-29 09:57:54.532    The cases to be processed for rebuilt:
2022-06-29 09:57:54.536561    
2022-06-29 09:57:54.541     
2022-06-29 09:57:54.546    Setting up the browser and checking compatability
2022-06-29 09:57:56.152    Chrome browser version: 103
2022-06-29 09:57:56.161    Chromedriver version: 103
2022-06-29 09:57:56.168    Versions match
2022-06-29 09:58:02.144     
2022-06-29 09:58:02.149    Focus on the "view orders" button and click it
2022-06-29 09:58:02.156     
2022-06-29 09:58:05.267    Focus on the first "all" button and click it
2022-06-29 09:58:05.326    Focus on the second "all" button and click it
2022-06-29 09:58:05.482     
2022-06-29 09:58:07.086    Opening batch promotion in a new tab
2022-06-29 09:58:09.293    Focus on the batch promotion "all" button and click it
2022-06-29 09:58:09.301     
2022-06-29 09:58:11.890     
2022-06-29 09:58:11.899    Processing: RS22-MEB-KIH (1/2)
2022-06-29 09:58:14.919       STREAMICS: The parts are already in status "Post processing finished".
2022-06-29 09:58:17.822       OMS: Linked to id: 114390
2022-06-29 09:58:18.867       OMS: The current status is: Shipped (7)
2022-06-29 09:58:18.875       OMS: This case is already has the correct status (Shipped). Added to valid cases.
2022-06-29 09:58:19.121     
2022-06-29 09:58:19.134    Processing: RS22-TER-JAM (2/2)
2022-06-29 09:58:22.139       STREAMICS: The parts are already in status "Post processing finished".
2022-06-29 09:58:25.019       OMS: Linked to id: 114370
2022-06-29 09:58:26.071       OMS: The current status is: Production (4)
2022-06-29 09:58:27.309       OMS: The element with id take-case-button exists. So we need to click the "Take order" button.
2022-06-29 09:58:27.314       OMS: Clicking the "Take order" button.
2022-06-29 09:58:28.945       OMS: The destination status is Shipped (7). We need to further promote this case.
2022-06-29 09:58:31.316       OMS: The current production substatus is: Streamics (Built)
2022-06-29 09:58:31.329       OMS: The destination status is Shipped (7). We need to further promote this case.
2022-06-29 09:58:31.501       OMS: The destination status is Shipped (7). We need to further promote this case.
2022-06-29 09:58:43.067       OMS: The current status is: Built (5)
2022-06-29 09:58:43.078       OMS: The destination status is Shipped (7). We need to further promote this case.
2022-06-29 09:58:53.296       OMS: The current status is: Ready to ship (6)
2022-06-29 09:58:53.312       OMS: The destination status is Shipped (7). We need to further promote this case.
2022-06-29 09:59:02.437       OMS: The destination status Shipped has been reached.
2022-06-29 09:59:02.670     
2022-06-29 09:59:02.681     
2022-06-29 09:59:02.687    ---------------------------------------------------------------------- 
2022-06-29 09:59:02.692    ---------------------------------------------------------------------- 
2022-06-29 09:59:02.697    ---------------------------------------------------------------------- 
2022-06-29 09:59:02.702     
2022-06-29 09:59:02.707    Full summary
2022-06-29 09:59:02.712     
2022-06-29 09:59:02.717    Scrapped parts
2022-06-29 09:59:02.722    --------------
2022-06-29 09:59:02.727    None
2022-06-29 09:59:02.733     
2022-06-29 09:59:02.738    Promotions         Streamics                           OMS
2022-06-29 09:59:02.742    -----------------------------------------------------------------------
2022-06-29 09:59:02.747    RS22-MEB-KIH:      Parts are finished already          Valid
2022-06-29 09:59:02.752    RS22-TER-JAM:      Parts are finished already          Valid
2022-06-29 09:59:02.757     
2022-06-29 09:59:02.762    ---------------------------------------------------------------------- 
2022-06-29 09:59:02.767    ---------------------------------------------------------------------- 
2022-06-29 09:59:02.772    ---------------------------------------------------------------------- 
2022-06-29 09:59:02.777     
2022-06-29 09:59:02.782    Take action for the following cases
2022-06-29 09:59:02.788     
2022-06-29 09:59:02.792    Scrapped parts
2022-06-29 09:59:02.797    --------------
2022-06-29 09:59:02.804    None
2022-06-29 09:59:02.814     
2022-06-29 09:59:02.834    Promotions         Streamics                           OMS
2022-06-29 09:59:02.840    -----------------------------------------------------------------------
2022-06-29 09:59:02.847    RS22-MEB-KIH:      Parts are finished already          Valid
2022-06-29 09:59:02.853    RS22-TER-JAM:      Parts are finished already          Valid
2022-06-29 09:59:02.857     
